25.107490514283192
26.7300667904594
23.56189644188721
24.576008062068034
20.389447649907464
26.472507028241232
20.22902326150204
26.43984222479451
29.64399594818827
20.539253521955825
28.42888911383025
27.703737853652715
22.408780604716586
26.34124467321852
25.646073456701647
27.314176699184564
21.611462774802998
24.689353586125215
27.641614972335944
23.266066853737332
23.638414365214146
21.425257609307828
25.762695280116272
22.23556510366476
20.373224972156027
28.29344919710415
29.35174321125518
28.528979480935128
26.5642087459318
22.66252189676233
22.45309621069812
24.285782041779864
25.71284144096857
21.510209550368806
26.389411163942277
27.63974180922847
22.61268528884982
21.501510561311015
28.366458604238606
26.01587448022158
26.752820803796773
23.362829723293828
23.187351750413544
26.544969654749075
20.892357210552436
26.607520136954253
26.77864982985063
28.0114078989418
24.304808091253147
23.54865850339798
