25.29698087437678
26.97812772555742
23.814685436917586
24.871575073851254
20.803175297350066
26.440489416285697
20.420445484255634
26.362188562000114
30.059428858952387
20.47356988384456
28.608121808702933
27.704703481179966
22.759727278441105
26.403913996702236
25.683199415889696
27.50952404062078
22.19747377105373
25.177254051751145
27.42069128480429
23.706736532951677
24.039020382918892
21.449570080596782
25.95421075426409
22.256745165432456
20.283889306126312
28.19130176189215
29.698613508098365
28.416687490129534
27.103104045774494
23.235686204689625
22.74264546690908
24.16458891362632
25.718459866070774
21.871011257573585
26.819295620124997
28.016680993697044
22.891338410650796
21.779614950039555
28.74453840216936
26.005220576688956
26.983733961744605
23.62175266855628
23.450859955679864
26.55468555783939
21.153976626845854
26.88076404741748
27.33821879954603
28.23993959305186
24.62811333299545
23.46005942233007
